100000005
100000623
100000624
100000628
100000635
100000647
100000653
100000654
100000659
100000661
100000663
100000666
100000671
100000672
100000673
100000674
100000679
100000686
100000688
100000695
100000698
100000707
100000718
100000722
100000725
100000728
100000732
100000736
100000739
100000763
100000774
100000776
100000790
100000793
100000807
100000812
100000814
100000824
100000825
100000826
100000828
100000831
100000833
100000834
100000848
100000849
100000854
100000855
100000858
100000862
100000871
100000876
100000892
100000894
100000904
100000907
100000912
100000925
100000927
100000929
100000931
100000934
100000942
100000945
100000946
100000952
100000957
100000959
100000967
100000975
100000984
100000989
100000991
100001005
100001006
100001010
100001011
100001013
100001014
100001018
100001029
100001035
100001036
100001039
100001041
100001043
100001046
100001048
100001058
100001059
100001067
100001073
100001075
100001076
100001077
100001092
100001099
100001103
100001104
100001105
100001106
100001108
100001109
100001111
100001112
100001117
100001119
100001127
100001140
100001143
100001144
100001149
100001151
100001153
100001158
100001161
100001172
100001177
100001178
100001181
100001186
100001188
100001198
100001215
100001220
100001232
100001236
100001237
100001244
100001248
100001249
100001257
100001258
100001268
100001272
100001274
100001282
100001286
100001288
100001305
100001308
100001309
100001313
100001315
100001326
100001331
100001332
100001333
100001340
100001347
100001356
100001375
100001377
100001380
100001387
100001392
100001394
100001399
100001409
100001410
100001412
100001414
100001417
100001439
100001440
100001445
100001449
100001453
100001454
100001455
100001457
100001458
100001465
100001468
100001469
100001471
100001477
100001480
100001481
100001482
100001486
100001491
100001495
100001499
100001503
100001505
100001507
100001515
100001520
100001527
100001528
100001529
100001532
100001534
100001537
100001540
100001541
100001543
100001548
100001549
100001555
100001567
100001573
100001581
100001584
100001591
100001592
100001594
100001595
100001596
100001597
100001608
100001609
100001610
100001615
100001616
100001633
100001636
100001639
100001644
100001645
100001659
100001660
100001664
100001667
100001672
100001673
100001674
