100000003
100000625
100000626
100000630
100000633
100000634
100000639
100000643
100000645
100000648
100000650
100000656
100000658
100000676
100000677
100000680
100000685
100000690
100000696
100000697
100000700
100000702
100000706
100000708
100000710
100000713
100000716
100000720
100000729
100000731
100000735
100000740
100000745
100000746
100000747
100000751
100000752
100000771
100000773
100000778
100000779
100000783
100000785
100000789
100000792
100000794
100000800
100000802
100000803
100000804
100000805
100000811
100000815
100000817
100000830
100000832
100000835
100000836
100000842
100000844
100000845
100000846
100000850
100000856
100000857
100000863
100000865
100000867
100000873
100000881
100000889
100000890
100000898
100000908
100000909
100000913
100000914
100000919
100000920
100000938
100000939
100000950
100000951
100000954
100000965
100000970
100000971
100000983
100000996
100000999
100001000
100001004
100001017
100001022
100001032
100001040
100001045
100001049
100001051
100001054
100001056
100001060
100001061
100001065
100001066
100001072
100001085
100001087
100001091
100001101
100001102
100001107
100001116
100001120
100001123
100001126
100001133
100001134
100001141
100001145
100001147
100001152
100001156
100001160
100001162
100001164
100001166
100001171
100001175
100001176
100001179
100001180
100001185
100001202
100001203
100001205
100001206
100001211
100001221
100001241
100001252
100001255
100001269
100001270
100001280
100001294
100001297
100001301
100001316
100001322
100001325
100001339
100001342
100001343
100001349
100001359
100001369
100001379
100001381
100001384
100001385
100001389
100001391
100001402
100001406
100001416
100001422
100001423
100001424
100001427
100001429
100001430
100001431
100001433
100001441
100001442
100001443
100001444
100001448
100001452
100001461
100001467
100001472
100001483
100001484
100001487
100001490
100001502
100001509
100001512
100001513
100001517
100001531
100001533
100001538
100001542
100001544
100001545
100001552
100001554
100001560
100001561
100001562
100001565
100001568
100001570
100001572
100001574
100001582
100001583
100001589
100001599
100001602
100001613
100001628
100001635
100001638
100001642
100001646
100001649
100001652
100001658
100001662
100001669
100001675
