100000010
100000622
100000636
100000649
100000665
100000683
100000684
100000689
100000694
100000699
100000715
100000717
100000730
100000734
100000738
100000765
100000775
100000780
100000791
100000809
100000829
100000837
100000847
100000859
100000864
100000875
100000885
100000893
100000903
100000905
100000910
100000924
100000948
100000949
100000966
100000972
100000978
100001021
100001027
100001055
100001062
100001070
100001074
100001083
100001097
100001100
100001110
100001115
100001121
100001128
100001130
100001204
100001208
100001209
100001219
100001228
100001245
100001253
100001254
100001264
100001265
100001299
100001304
100001311
100001317
100001334
100001337
100001353
100001358
100001362
100001373
100001400
100001407
100001456
100001459
100001488
100001494
100001496
100001497
100001500
100001501
100001516
100001522
100001550
100001590
100001600
100001604
100001612
100001623
100001632
100001640
100001648
100001654
100001657
100001663
100001668
100001678
100001679
