100000006
100000627
100000629
100000637
100000640
100000641
100000644
100000652
100000657
100000678
100000692
100000704
100000723
100000742
100000744
100000753
100000759
100000781
100000784
100000798
100000869
100000878
100000928
100000953
100000958
100000961
100000968
100000981
100000998
100001001
100001002
100001019
100001044
100001050
100001071
100001082
100001090
100001093
100001095
100001125
100001137
100001139
100001142
100001148
100001157
100001212
100001214
100001223
100001226
100001227
100001243
100001266
100001306
100001312
100001323
100001324
100001336
100001345
100001361
100001366
100001376
100001396
100001413
100001415
100001428
100001438
100001475
100001476
100001478
100001479
100001492
100001504
100001514
100001518
100001519
100001525
100001530
100001536
100001577
100001588
100001601
100001618
100001622
